1234
1234
1337
2468
2345
2468
1337
5678
2468
1337
1234
1234
5678
2345
2345
1234
1337
2345
5678
1337
1234
1337
1337
1337
2468
1337
5678
5678
5678
5678
2345
5678
5678
1337
2468
1337
5678
1337
1234
1234
1337
1337
1234
1337
2468
1337
1234
1337
1337
5678
1234
1337
5678
5678
1337
5678
1337
5678
1337
5678
1337
5678
5678
1337
5678
2345
1337
1337
1337
5678
1234
5678
1337
1234
5678
1337
1337
1234
5678
2345
1337
1337
5678
2468
5678
1234
5678
1337
2345
1337
1337
1337
2468
1337
1234
1337
1337
5678
2468
1234
1234
1234
2468
1337
1234
2468
2468
5678
1337
2468
5678
5678
1337
1337
1337
5678
2345
1337
5678
2468
1337
1337
2468
5678
1337
1234
1337
5678
5678
1337
5678
1337
1337
2468
2345
1337
1337
1337
1337
5678
2345
5678
2468
1337
1234
1234
1234
2468
1234
1234
1337
1337
5678
1234
1337
1337
2345
1337
1337
1337
5678
2345
2468
2468
1337
1234
1234
1234
2345
1337
1234
1337
1337
5678
1337
2345
1337
5678
1234
1234
2468
5678
1234
2468
1234
2345
5678
2468
1234
2468
1337
1337
1234
1337
1337
1337
5678
1337
1234
1337
1337
5678
5678
1337
1234
2345
1337
1337
2468
2468
1337
1337
1234
1337
1337
5678
5678
1337
5678
2468
1337
2468
2468
5678
1337
5678
2468
1337
1234
1234
5678
1337
1337
1337
1337
2468
5678
5678
2468
1234
1337
2468
1234
5678
5678
1337
1337
1337
1337
1337
